7.74055e-04
7.70178e-04
7.66301e-04
7.62424e-04
7.58547e-04
7.54670e-04
7.50792e-04
7.46915e-04
7.43038e-04
7.39161e-04
7.35284e-04
7.31407e-04
7.27529e-04
7.23652e-04
7.19775e-04
7.15898e-04
7.12021e-04
7.08144e-04
7.04266e-04
7.00389e-04
6.96512e-04
6.92635e-04
6.88758e-04
6.84881e-04
6.81003e-04
6.77126e-04
6.73249e-04
6.69372e-04
6.65495e-04
6.61618e-04
6.57741e-04
6.53863e-04
6.49986e-04
6.46109e-04
6.42232e-04
6.38355e-04
6.34478e-04
6.30600e-04
6.26723e-04
6.22846e-04
6.18969e-04
6.15092e-04
6.11215e-04
6.07337e-04
6.03460e-04
5.99583e-04
5.95706e-04
5.91829e-04
5.87952e-04
5.84074e-04
5.80197e-04
5.76320e-04
5.72443e-04
5.68566e-04
5.64689e-04
5.60811e-04
5.56934e-04
5.53057e-04
5.49180e-04
5.45303e-04
5.41426e-04
5.37548e-04
5.33671e-04
5.29794e-04
5.25917e-04
5.22040e-04
5.18163e-04
5.14285e-04
5.10408e-04
5.06531e-04
5.02654e-04
4.98777e-04
4.94900e-04
4.91023e-04
4.87145e-04
4.83268e-04
4.79391e-04
4.75514e-04
4.71637e-04
4.67760e-04
4.63882e-04
4.60005e-04
4.56128e-04
4.52251e-04
4.48374e-04
4.44497e-04
4.40619e-04
4.36742e-04
4.32865e-04
4.28988e-04
4.25111e-04
4.21234e-04
4.17356e-04
4.13479e-04
4.09602e-04
4.05725e-04
4.01848e-04
3.97971e-04
3.94093e-04
3.90216e-04
3.86339e-04
3.82462e-04
3.78585e-04
3.74708e-04
3.70830e-04
3.66953e-04
3.63076e-04
3.59199e-04
3.55322e-04
3.51445e-04
3.47567e-04
3.43690e-04
3.39813e-04
3.35936e-04
3.32059e-04
3.28182e-04
3.24305e-04
3.20427e-04
3.16550e-04
3.12673e-04
3.08796e-04
3.04919e-04
3.01042e-04
2.97164e-04
2.93287e-04
2.89410e-04
2.85533e-04
2.81656e-04
2.77779e-04
2.73901e-04
2.70024e-04
2.66147e-04
2.62270e-04
2.58393e-04
2.54516e-04
2.50638e-04
2.46761e-04
2.42884e-04
2.39007e-04
2.35130e-04
2.31253e-04
2.27375e-04
2.23498e-04
2.19621e-04
2.15744e-04
2.11867e-04
2.07990e-04
2.04112e-04
2.00235e-04
1.96358e-04
1.92481e-04
1.88604e-04
1.84727e-04
1.80849e-04
1.76972e-04
1.73095e-04
1.69218e-04
1.65341e-04
1.61464e-04
1.57587e-04
1.53709e-04
1.49832e-04
1.45955e-04
1.42078e-04
1.38201e-04
1.34324e-04
1.30446e-04
1.26569e-04
1.22692e-04
1.18815e-04
1.14938e-04
1.11061e-04
1.07183e-04
1.03306e-04
9.94291e-05
9.55519e-05
9.16747e-05
8.77976e-05
8.39204e-05
8.00433e-05
7.61661e-05
7.22889e-05
6.84118e-05
6.45346e-05
6.06574e-05
5.67803e-05
5.29031e-05
4.90260e-05
4.51488e-05
4.12716e-05
3.73945e-05
3.35173e-05
2.96401e-05
2.57630e-05
2.18858e-05
1.80087e-05
1.41315e-05
1.02543e-05
6.37716e-06
