6.53551e-02
7.82337e-02
9.11122e-02
1.03991e-01
1.16869e-01
1.29748e-01
1.42626e-01
1.55897e-01
1.70684e-01
1.80247e-01
1.87922e-01
1.95495e-01
2.03160e-01
2.08483e-01
2.13479e-01
2.18829e-01
2.27289e-01
2.40269e-01
2.54585e-01
2.65211e-01
2.73308e-01
2.82197e-01
2.91227e-01
2.98931e-01
3.10608e-01
3.25730e-01
3.37829e-01
3.49054e-01
3.64269e-01
3.80191e-01
3.91305e-01
4.01147e-01
4.12373e-01
4.24923e-01
4.37646e-01
4.57261e-01
4.76875e-01
4.94339e-01
5.08621e-01
5.22903e-01
5.38989e-01
5.56577e-01
5.74165e-01
5.96084e-01
6.22838e-01
6.49593e-01
6.73729e-01
6.91303e-01
7.08877e-01
7.26452e-01
7.58517e-01
7.94152e-01
8.29787e-01
8.61864e-01
8.83255e-01
9.04645e-01
9.26036e-01
9.56280e-01
1.00233e+00
1.04839e+00
1.09444e+00
1.13282e+00
1.16077e+00
1.18871e+00
1.21666e+00
1.24760e+00
1.30113e+00
1.35466e+00
1.40820e+00
1.46173e+00
1.51693e+00
1.57283e+00
1.62873e+00
1.68463e+00
1.73885e+00
1.77953e+00
1.82020e+00
1.86088e+00
1.90155e+00
1.94308e+00
2.00419e+00
2.06531e+00
2.12643e+00
2.18754e+00
2.24866e+00
2.32537e+00
2.41068e+00
2.49600e+00
2.58131e+00
2.66662e+00
2.75501e+00
2.91287e+00
3.07073e+00
3.22859e+00
3.38645e+00
3.54431e+00
3.80523e+00
4.12326e+00
4.44128e+00
4.75931e+00
5.07733e+00
5.45139e+00
5.83431e+00
6.21723e+00
6.60016e+00
6.85649e+00
7.09009e+00
7.32369e+00
7.52492e+00
7.68496e+00
7.84501e+00
8.00922e+00
8.17908e+00
8.34894e+00
8.54045e+00
8.73916e+00
8.94858e+00
9.17467e+00
9.40429e+00
9.64161e+00
9.87870e+00
1.01156e+01
1.03254e+01
1.05087e+01
1.06534e+01
1.07454e+01
1.07596e+01
1.06923e+01
1.05196e+01
1.02466e+01
9.87560e+00
9.41818e+00
8.85971e+00
8.23388e+00
7.55728e+00
6.93770e+00
6.34992e+00
9.12727e-06
6.95550e-06
4.68306e-06
3.34734e-06
2.73836e-06
2.40900e-06
2.17049e-06
1.98120e-06
1.74874e-06
8.65029e-07
5.67524e-07
4.33830e-07
3.81348e-07
3.42637e-07
3.17379e-07
3.04893e-07
2.96005e-07
2.94866e-07
2.94414e-07
2.94531e-07
2.94719e-07
2.94818e-07
2.94872e-07
2.94891e-07
2.94738e-07
2.94586e-07
2.94498e-07
2.94553e-07
2.94608e-07
2.94662e-07
2.94650e-07
2.94633e-07
2.94616e-07
2.94599e-07
2.94576e-07
2.94550e-07
2.94524e-07
2.94498e-07
2.94472e-07
2.94446e-07
2.94432e-07
2.94425e-07
2.94418e-07
2.94411e-07
2.94404e-07
2.94396e-07
2.94389e-07
2.94382e-07
2.94375e-07
2.94368e-07
2.94361e-07
2.94354e-07
2.94347e-07
2.94340e-07
2.94333e-07
2.94326e-07
2.94319e-07
2.94312e-07
2.94305e-07
2.94298e-07
2.94291e-07
2.94284e-07
