3.92131e-01
4.69402e-01
5.46673e-01
6.23945e-01
7.01216e-01
7.78487e-01
8.55759e-01
9.35380e-01
1.02410e+00
1.08148e+00
1.12753e+00
1.17297e+00
1.21896e+00
1.25090e+00
1.28088e+00
1.31298e+00
1.36373e+00
1.44162e+00
1.52751e+00
1.59127e+00
1.63985e+00
1.69318e+00
1.74736e+00
1.79358e+00
1.86365e+00
1.95438e+00
2.02697e+00
2.09432e+00
2.18561e+00
2.28115e+00
2.34783e+00
2.40688e+00
2.47424e+00
2.54954e+00
2.62588e+00
2.74356e+00
2.86125e+00
2.96603e+00
3.05173e+00
3.13742e+00
3.23394e+00
3.33946e+00
3.44499e+00
3.57651e+00
3.73703e+00
3.89756e+00
4.04237e+00
4.14782e+00
4.25326e+00
4.35871e+00
4.55110e+00
4.76491e+00
4.97872e+00
5.17118e+00
5.29953e+00
5.42787e+00
5.55622e+00
5.73768e+00
6.01400e+00
6.29032e+00
6.56664e+00
6.79691e+00
6.96459e+00
7.13227e+00
7.29996e+00
7.48557e+00
7.80677e+00
8.12798e+00
8.44918e+00
8.77038e+00
9.10161e+00
9.43699e+00
9.77238e+00
1.01078e+01
1.04331e+01
1.06772e+01
1.09212e+01
1.11653e+01
1.14093e+01
1.16585e+01
1.20252e+01
1.23919e+01
1.27586e+01
1.31253e+01
1.34920e+01
1.39522e+01
1.44641e+01
1.49760e+01
1.54878e+01
1.59997e+01
1.65301e+01
1.74772e+01
1.84244e+01
1.93715e+01
2.03187e+01
2.12658e+01
2.28314e+01
2.47396e+01
2.66477e+01
2.85558e+01
3.04640e+01
3.27083e+01
3.50059e+01
3.73034e+01
3.96010e+01
4.11390e+01
4.25406e+01
4.39421e+01
4.51495e+01
4.61098e+01
4.70701e+01
4.80553e+01
4.90745e+01
5.00937e+01
5.12427e+01
5.24350e+01
5.36915e+01
5.50480e+01
5.64258e+01
5.78496e+01
5.92722e+01
6.06933e+01
6.19525e+01
6.30524e+01
6.39204e+01
6.44725e+01
6.45575e+01
6.41538e+01
6.31174e+01
6.14797e+01
5.92536e+01
5.65091e+01
5.31583e+01
4.94033e+01
4.53437e+01
4.16262e+01
3.80995e+01
5.47636e-05
4.17330e-05
2.80984e-05
2.00840e-05
1.64302e-05
1.44540e-05
1.30229e-05
1.18872e-05
1.04924e-05
5.19018e-06
3.40514e-06
2.60298e-06
2.28809e-06
2.05582e-06
1.90427e-06
1.82936e-06
1.77603e-06
1.76920e-06
1.76649e-06
1.76719e-06
1.76831e-06
1.76891e-06
1.76923e-06
1.76935e-06
1.76843e-06
1.76752e-06
1.76699e-06
1.76732e-06
1.76765e-06
1.76797e-06
1.76790e-06
1.76780e-06
1.76770e-06
1.76760e-06
1.76746e-06
1.76730e-06
1.76714e-06
1.76699e-06
1.76683e-06
1.76667e-06
1.76659e-06
1.76655e-06
1.76651e-06
1.76646e-06
1.76642e-06
1.76638e-06
1.76634e-06
1.76629e-06
1.76625e-06
1.76621e-06
1.76617e-06
1.76613e-06
1.76608e-06
1.76604e-06
1.76600e-06
1.76596e-06
1.76592e-06
1.76587e-06
1.76583e-06
1.76579e-06
1.76575e-06
1.76570e-06
