9.80326e-08
1.17350e-07
1.36668e-07
1.55986e-07
1.75304e-07
1.94622e-07
2.13940e-07
2.33845e-07
2.56026e-07
2.70371e-07
2.81882e-07
2.93242e-07
3.04740e-07
3.12725e-07
3.20219e-07
3.28244e-07
3.40933e-07
3.60404e-07
3.81878e-07
3.97817e-07
4.09962e-07
4.23295e-07
4.36840e-07
4.48396e-07
4.65911e-07
4.88594e-07
5.06743e-07
5.23580e-07
5.46404e-07
5.70287e-07
5.86958e-07
6.01720e-07
6.18560e-07
6.37384e-07
6.56469e-07
6.85891e-07
7.15313e-07
7.41508e-07
7.62931e-07
7.84355e-07
8.08484e-07
8.34866e-07
8.61248e-07
8.94126e-07
9.34258e-07
9.74389e-07
1.01059e-06
1.03695e-06
1.06332e-06
1.08968e-06
1.13778e-06
1.19123e-06
1.24468e-06
1.29280e-06
1.32488e-06
1.35697e-06
1.38905e-06
1.43442e-06
1.50350e-06
1.57258e-06
1.64166e-06
1.69923e-06
1.74115e-06
1.78307e-06
1.82499e-06
1.87139e-06
1.95169e-06
2.03199e-06
2.11229e-06
2.19259e-06
2.27540e-06
2.35925e-06
2.44309e-06
2.52694e-06
2.60828e-06
2.66929e-06
2.73030e-06
2.79132e-06
2.85233e-06
2.91461e-06
3.00629e-06
3.09796e-06
3.18964e-06
3.28131e-06
3.37299e-06
3.48806e-06
3.61603e-06
3.74399e-06
3.87196e-06
3.99993e-06
4.13252e-06
4.36931e-06
4.60609e-06
4.84288e-06
5.07967e-06
5.31646e-06
5.70785e-06
6.18489e-06
6.66193e-06
7.13896e-06
7.61600e-06
8.17708e-06
8.75146e-06
9.32585e-06
9.90024e-06
1.02847e-05
1.06351e-05
1.09855e-05
1.12874e-05
1.15274e-05
1.17675e-05
1.20138e-05
1.22686e-05
1.25234e-05
1.28107e-05
1.31087e-05
1.34229e-05
1.37620e-05
1.41064e-05
1.44624e-05
1.48180e-05
1.51733e-05
1.54881e-05
1.57631e-05
1.59801e-05
1.61181e-05
1.61394e-05
1.60384e-05
1.57793e-05
1.53699e-05
1.48134e-05
1.41273e-05
1.32896e-05
1.23508e-05
1.13359e-05
1.04066e-05
9.52489e-06
1.36909e+01
1.04332e+01
7.02460e+00
5.02101e+00
4.10754e+00
3.61349e+00
3.25574e+00
2.97180e+00
2.62311e+00
1.29754e+00
8.51286e-01
6.50745e-01
5.72022e-01
5.13955e-01
4.76069e-01
4.57339e-01
4.44007e-01
4.42299e-01
4.41622e-01
4.41797e-01
4.42079e-01
4.42228e-01
4.42308e-01
4.42337e-01
4.42108e-01
4.41879e-01
4.41747e-01
4.41829e-01
4.41911e-01
4.41994e-01
4.41976e-01
4.41950e-01
4.41924e-01
4.41899e-01
4.41864e-01
4.41825e-01
4.41786e-01
4.41747e-01
4.41708e-01
4.41668e-01
4.41647e-01
4.41637e-01
4.41626e-01
4.41616e-01
4.41605e-01
4.41595e-01
4.41584e-01
4.41574e-01
4.41563e-01
4.41553e-01
4.41542e-01
4.41531e-01
4.41521e-01
4.41510e-01
4.41500e-01
4.41489e-01
4.41479e-01
4.41468e-01
4.41458e-01
4.41447e-01
4.41437e-01
4.41426e-01
