3.09507e-17
3.37610e-17
3.65713e-17
3.93817e-17
4.21920e-17
4.50024e-17
4.78127e-17
5.04475e-17
5.17624e-17
2.01071e-17
1.96003e-17
2.00002e-17
2.05304e-17
2.09233e-17
2.12962e-17
2.16924e-17
2.22837e-17
2.31529e-17
2.40944e-17
2.48009e-17
2.53503e-17
2.59440e-17
2.65466e-17
2.70792e-17
2.78353e-17
2.87852e-17
2.95293e-17
3.02139e-17
3.10695e-17
3.19555e-17
3.24866e-17
3.29238e-17
3.34117e-17
3.39481e-17
3.44915e-17
3.53099e-17
3.61283e-17
3.68374e-17
3.73850e-17
3.79326e-17
3.85830e-17
3.93191e-17
4.00551e-17
4.09755e-17
4.21018e-17
4.32281e-17
4.42294e-17
4.49176e-17
4.56059e-17
4.62941e-17
4.75365e-17
4.89153e-17
5.02942e-17
5.15118e-17
5.22452e-17
5.29786e-17
5.37119e-17
5.47355e-17
5.62771e-17
5.78188e-17
5.93604e-17
6.05748e-17
6.13441e-17
6.21135e-17
6.28828e-17
6.37316e-17
6.51811e-17
6.66306e-17
6.80801e-17
6.95296e-17
7.08417e-17
7.20969e-17
7.33520e-17
7.46072e-17
7.57894e-17
7.63806e-17
7.69717e-17
7.75629e-17
7.81540e-17
7.87573e-17
7.96411e-17
8.05249e-17
8.14087e-17
8.22925e-17
8.31763e-17
8.42183e-17
8.53476e-17
8.64770e-17
8.76063e-17
8.87356e-17
8.99022e-17
9.19086e-17
9.39151e-17
9.59216e-17
9.79280e-17
9.99345e-17
1.02954e-16
1.06534e-16
1.10114e-16
1.13694e-16
1.17274e-16
1.20402e-16
1.23458e-16
1.26513e-16
1.29569e-16
1.30144e-16
1.30273e-16
1.30402e-16
1.29983e-16
1.28868e-16
1.27752e-16
1.26545e-16
1.25212e-16
1.23880e-16
1.22532e-16
1.21179e-16
1.19810e-16
1.18416e-16
1.16974e-16
1.15428e-16
1.13785e-16
1.12039e-16
1.10004e-16
1.07772e-16
1.05296e-16
1.02566e-16
9.95457e-17
9.63010e-17
9.28206e-17
8.91915e-17
8.54542e-17
8.17610e-17
7.79482e-17
7.41759e-17
7.04801e-17
6.74644e-17
6.50693e-17
1.59427e-16
2.77170e-16
5.27310e-16
8.22888e-16
1.04588e-15
1.19648e-15
1.31230e-15
1.42598e-15
1.57586e-15
1.63323e-15
9.57980e-16
2.97930e-16
1.14330e-16
1.72004e-17
4.54456e-18
1.74040e-18
1.71219e-18
1.70951e-18
1.70909e-18
1.70863e-18
1.70816e-18
1.70759e-18
1.70696e-18
1.70656e-18
1.70725e-18
1.70795e-18
1.70844e-18
1.70848e-18
1.70852e-18
1.70855e-18
1.70816e-18
1.70773e-18
1.70730e-18
1.70687e-18
1.70654e-18
1.70625e-18
1.70597e-18
1.70568e-18
1.70539e-18
1.70510e-18
1.70492e-18
1.70479e-18
1.70467e-18
1.70454e-18
1.70441e-18
1.70429e-18
1.70416e-18
1.70404e-18
1.70391e-18
1.70379e-18
1.70366e-18
1.70353e-18
1.70341e-18
1.70328e-18
1.70316e-18
1.70303e-18
1.70290e-18
1.70278e-18
1.70265e-18
1.70253e-18
1.70240e-18
1.70227e-18
