2.52497e-16
2.52621e-16
2.52746e-16
2.52870e-16
2.52995e-16
2.53119e-16
2.53244e-16
2.53357e-16
2.53459e-16
2.53508e-16
2.53525e-16
2.53543e-16
2.53561e-16
2.53580e-16
2.53600e-16
2.53621e-16
2.53644e-16
2.53668e-16
2.53692e-16
2.53718e-16
2.53744e-16
2.53771e-16
2.53799e-16
2.53828e-16
2.53860e-16
2.53893e-16
2.53927e-16
2.53961e-16
2.53997e-16
2.54033e-16
2.54070e-16
2.54108e-16
2.54148e-16
2.54190e-16
2.54231e-16
2.54275e-16
2.54319e-16
2.54363e-16
2.54407e-16
2.54452e-16
2.54499e-16
2.54549e-16
2.54598e-16
2.54648e-16
2.54698e-16
2.54748e-16
2.54798e-16
2.54849e-16
2.54900e-16
2.54951e-16
2.55004e-16
2.55056e-16
2.55109e-16
2.55160e-16
2.55207e-16
2.55254e-16
2.55302e-16
2.55347e-16
2.55391e-16
2.55434e-16
2.55478e-16
2.55515e-16
2.55544e-16
2.55573e-16
2.55602e-16
2.55628e-16
2.55631e-16
2.55633e-16
2.55636e-16
2.55638e-16
2.55620e-16
2.55592e-16
2.55565e-16
2.55538e-16
2.55503e-16
2.55406e-16
2.55310e-16
2.55213e-16
2.55117e-16
2.55015e-16
2.54809e-16
2.54603e-16
2.54396e-16
2.54190e-16
2.53984e-16
2.53669e-16
2.53294e-16
2.52919e-16
2.52545e-16
2.52170e-16
2.51783e-16
2.51127e-16
2.50470e-16
2.49814e-16
2.49157e-16
2.48501e-16
2.47554e-16
2.46446e-16
2.45338e-16
2.44231e-16
2.43123e-16
2.41447e-16
2.39680e-16
2.37914e-16
2.36148e-16
2.33857e-16
2.31471e-16
2.29086e-16
2.26580e-16
2.23921e-16
2.21262e-16
2.18498e-16
2.15591e-16
2.12683e-16
2.09610e-16
2.06482e-16
2.03284e-16
1.99978e-16
1.96631e-16
1.93197e-16
1.89724e-16
1.86209e-16
1.82673e-16
1.79144e-16
1.75642e-16
1.72200e-16
1.68869e-16
1.65679e-16
1.62689e-16
1.59929e-16
1.57422e-16
1.55248e-16
1.53398e-16
1.51899e-16
1.50766e-16
1.49971e-16
1.49493e-16
1.49312e-16
1.49295e-16
1.49323e-16
1.49365e-16
1.49408e-16
1.49444e-16
1.49473e-16
1.49493e-16
1.49505e-16
1.49461e-16
1.38613e-16
7.95265e-17
3.54571e-17
1.02795e-17
3.55756e-18
1.92980e-18
1.73742e-18
1.72093e-18
1.72003e-18
1.71951e-18
1.71905e-18
1.71851e-18
1.71793e-18
1.71755e-18
1.71820e-18
1.71884e-18
1.71930e-18
1.71934e-18
1.71938e-18
1.71942e-18
1.71904e-18
1.71863e-18
1.71821e-18
1.71780e-18
1.71748e-18
1.71720e-18
1.71692e-18
1.71663e-18
1.71635e-18
1.71607e-18
1.71589e-18
1.71577e-18
1.71565e-18
1.71552e-18
1.71540e-18
1.71528e-18
1.71515e-18
1.71503e-18
1.71491e-18
1.71478e-18
1.71466e-18
1.71454e-18
1.71442e-18
1.71429e-18
1.71417e-18
1.71405e-18
1.71392e-18
1.71380e-18
1.71368e-18
1.71356e-18
1.71343e-18
1.71331e-18
