1.39663e+04
1.35869e+04
1.32074e+04
1.28280e+04
1.24486e+04
1.20691e+04
1.16897e+04
1.13466e+04
1.10350e+04
1.08627e+04
1.07737e+04
1.06779e+04
1.05917e+04
1.05070e+04
1.04064e+04
1.02699e+04
1.01250e+04
1.00104e+04
9.92361e+03
9.83398e+03
9.74473e+03
9.65597e+03
9.55828e+03
9.41844e+03
9.28841e+03
9.16689e+03
9.08727e+03
9.01976e+03
8.93112e+03
8.83874e+03
8.73154e+03
8.62043e+03
8.51920e+03
8.42743e+03
8.33601e+03
8.25872e+03
8.18143e+03
8.09542e+03
7.99651e+03
7.89760e+03
7.80190e+03
7.70888e+03
7.61586e+03
7.52596e+03
7.43953e+03
7.35311e+03
7.26399e+03
7.16814e+03
7.07228e+03
6.97642e+03
6.88456e+03
6.79369e+03
6.70282e+03
6.61182e+03
6.52044e+03
6.42906e+03
6.33768e+03
6.24299e+03
6.14237e+03
6.04175e+03
5.94114e+03
5.84607e+03
5.75856e+03
5.67105e+03
5.58353e+03
5.49374e+03
5.38678e+03
5.27981e+03
5.17285e+03
5.06588e+03
4.95623e+03
4.84546e+03
4.73470e+03
4.62393e+03
4.51561e+03
4.42712e+03
4.33864e+03
4.25015e+03
4.16167e+03
4.07259e+03
3.96966e+03
3.86672e+03
3.76379e+03
3.66086e+03
3.55793e+03
3.43894e+03
3.31109e+03
3.18325e+03
3.05541e+03
2.92757e+03
2.79780e+03
2.62466e+03
2.45153e+03
2.27839e+03
2.10525e+03
1.93212e+03
1.73155e+03
1.51578e+03
1.30001e+03
1.08424e+03
8.68470e+02
4.85104e+02
7.51998e+01
-3.34704e+02
-7.44609e+02
-9.51591e+02
-1.12213e+03
-1.29266e+03
-1.46247e+03
-1.63136e+03
-1.80025e+03
-1.97509e+03
-2.15803e+03
-2.34097e+03
-2.54089e+03
-2.74645e+03
-2.95959e+03
-3.18450e+03
-3.41444e+03
-3.65530e+03
-3.90390e+03
-4.16068e+03
-4.43310e+03
-4.71598e+03
-5.01228e+03
-5.32443e+03
-5.65509e+03
-6.00353e+03
-6.37187e+03
-6.75935e+03
-7.16362e+03
-7.58235e+03
-8.01787e+03
-8.46523e+03
-8.92029e+03
-9.35206e+03
-9.76378e+03
-1.01537e+04
-1.05330e+04
-1.08781e+04
-1.11894e+04
-1.14079e+04
-1.15912e+04
-1.17820e+04
-1.19414e+04
-1.19417e+04
-9.39875e+03
-6.59321e+03
-4.20013e+03
-2.54174e+03
-1.29066e+03
-4.37502e+02
-1.46562e+02
-1.40407e+01
-2.11783e+00
-8.92244e-01
-7.65338e-01
-7.76151e-01
-6.86789e-01
-5.45549e-01
-4.19324e-01
-3.67635e-01
-3.15946e-01
-2.94075e-01
-3.37983e-01
-3.81890e-01
-4.25797e-01
-4.31764e-01
-4.34966e-01
-4.38168e-01
-4.41369e-01
-4.38595e-01
-4.33105e-01
-4.27614e-01
-4.22123e-01
-4.16632e-01
-4.11141e-01
-4.06422e-01
-4.02146e-01
-3.97869e-01
-3.93592e-01
-3.89316e-01
-3.85039e-01
-3.80763e-01
-3.76486e-01
-3.72210e-01
-3.67933e-01
-3.63656e-01
-3.59380e-01
-3.55103e-01
-3.50827e-01
-3.46550e-01
-3.42274e-01
-3.37997e-01
-3.33720e-01
-3.29444e-01
-3.25167e-01
-3.20891e-01
-3.16614e-01
